ADANIENT,ASTRAL,BAJFINANCE,BHARATFORG,BPCL,CHOLAFIN,DABUR,GAIL,HDFCBANK,HINDPETRO,IDEA,INDUSINDBK,IOC,ITC,JSWSTEEL,JUBILANT,LT,M&M,MINDTREE,NESTLEIND,NMDC,PETRONET,RECLTD,RELAXO,SBIN,SUNPHARMA,TATAMOTORS,TCS,WHIRLPOOL,WIPRO0.121,0.235,0.248,0.131,0.092,0.168,0.095,0.167,0.168,0.276,0.024,0.132,0.222,0.069,0.684,0.116,0.07,0.129,0.128,0.097,0.01,0.147,0.063,0.26,0.042,0.073,0.073,0.131,0.189,0.13410.288,1.578,2.225,2.133,1.97,2.199,1.083,1.428,1.489,1.637,1.732,2.737,1.102,0.917,2.775,1.985,2.456,1.701,1.089,0.837,2.409,1.504,3.022,1.359,2.833,1.27,2.964,0.659,1.85,0.6141.578,6.042,1.526,1.024,0.898,1.381,0.486,0.378,0.755,0.668,0.698,1.38,0.461,0.557,0.947,0.815,1.005,0.938,0.674,0.448,1.085,0.725,1.173,0.876,1.191,0.538,1.363,0.447,1.086,0.4042.225,1.526,6.348,1.583,1.416,2.534,0.777,0.419,1.047,0.914,1.216,2.494,0.462,0.569,1.34,1.472,1.472,1.287,0.928,0.667,1.628,0.858,2.165,1.206,2.024,0.757,2.132,0.556,1.453,0.1212.133,1.024,1.583,14.612,1.459,2.284,0.741,22.197,10.358,29.536,1.304,2.012,25.466,5.478,70.758,1.825,6.629,10.572,0.817,0.47,2.316,10.288,1.979,1.263,1.929,0.822,2.596,0.686,1.799,14.9321.97,0.898,1.416,1.459,5.127,1.229,0.653,1.624,1.148,4.549,1.379,1.586,3.192,0.92,1.744,1.188,1.546,1.181,0.518,0.529,1.462,1.266,1.753,0.684,1.707,0.69,1.628,0.329,1.252,0.4922.199,1.381,2.534,2.284,1.229,7.413,0.864,0.971,1.221,1.17,1.322,2.527,0.824,0.566,2.046,1.609,1.745,1.553,0.962,0.598,1.404,1.199,2.063,1.238,1.938,0.569,2.239,0.629,1.7,0.5381.083,0.486,0.777,0.741,0.653,0.864,2.467,0.473,0.539,0.615,0.624,0.895,0.408,0.695,0.809,0.833,0.733,0.599,0.623,0.561,0.683,0.584,0.836,0.558,0.779,0.722,1.004,0.365,0.697,0.4191.428,0.378,0.419,22.197,1.624,0.971,0.473,55.269,21.772,70.462,0.956,0.811,62.205,11.6,172.573,1.111,12.118,23.405,0.211,0.276,2.327,22.254,1.357,0.571,1.202,0.64,1.448,1.859,0.664,34.6051.489,0.755,1.047,10.358,1.148,1.221,0.539,21.772,20.515,29.096,0.954,1.83,24.905,5.48,69.708,1.33,6.429,10.264,0.275,0.354,1.491,9.633,1.164,0.757,1.371,0.574,1.54,0.479,0.887,14.7351.637,0.668,0.914,29.536,4.549,1.17,0.615,70.462,29.096,99.387,1.389,1.174,83.854,15.185,234.774,1.353,15.845,28.978,-0.004,0.412,3.13,29.392,1.723,0.703,1.643,0.572,1.547,-0.002,1.166,46.0251.732,0.698,1.216,1.304,1.379,1.322,0.624,0.956,0.954,1.389,13.088,1.826,0.722,0.697,1.855,1.213,1.529,1.106,0.806,0.379,1.255,1.236,1.61,0.797,1.805,1.036,1.988,0.423,1.176,0.5622.737,1.38,2.494,2.012,1.586,2.527,0.895,0.811,1.83,1.174,1.826,7.23,0.856,0.717,2.171,1.592,2.24,1.826,0.777,0.764,1.914,1.301,2.591,1.231,2.62,0.754,2.588,0.752,1.541,0.4071.102,0.461,0.462,25.466,3.192,0.824,0.408,62.205,24.905,83.854,0.722,0.856,77.766,13.079,201.45,1.04,13.61,29.492,0.011,0.243,2.484,25.307,1.327,0.506,1.066,0.35,1.111,4.51,0.914,39.7760.917,0.557,0.569,5.478,0.92,0.566,0.695,11.6,5.48,15.185,0.697,0.717,13.079,5.253,35.626,0.75,3.374,5.498,0.277,0.351,1.031,5.335,0.746,0.486,0.868,0.601,1.066,0.469,0.672,7.9392.775,0.947,1.34,70.758,1.744,2.046,0.809,172.573,69.708,234.774,1.855,2.171,201.45,35.626,598.508,1.78,36.93,70.087,0.376,0.508,6.437,69.937,2.524,1.392,2.26,0.996,2.949,0.436,1.625,113.4361.985,0.815,1.472,1.825,1.188,1.609,0.833,1.111,1.33,1.353,1.213,1.592,1.04,0.75,1.78,9.122,1.512,1.242,0.78,0.326,1.727,1.233,1.815,1.269,1.588,1.005,1.817,0.588,1.179,0.6892.456,1.005,1.472,6.629,1.546,1.745,0.733,12.118,6.429,15.845,1.529,2.24,13.61,3.374,36.93,1.512,6.368,6.308,0.649,0.471,2.014,5.985,2.066,1.008,2.385,0.781,2.231,0.613,1.479,8.1441.701,0.938,1.287,10.572,1.181,1.553,0.599,23.405,10.264,28.978,1.106,1.826,29.492,5.498,70.087,1.242,6.308,17.119,0.354,0.406,1.625,9.883,1.522,0.96,1.541,0.721,2.171,5.013,1.189,14.8021.089,0.674,0.928,0.817,0.518,0.962,0.623,0.211,0.275,-0.004,0.806,0.777,0.011,0.277,0.376,0.78,0.649,0.354,5.125,0.557,0.682,0.428,0.876,0.888,0.798,0.633,1.043,1.139,0.782,0.6620.837,0.448,0.667,0.47,0.529,0.598,0.561,0.276,0.354,0.412,0.379,0.764,0.243,0.351,0.508,0.326,0.471,0.406,0.557,2.311,0.412,0.335,0.535,0.432,0.506,0.403,0.502,0.307,0.428,0.3012.409,1.085,1.628,2.316,1.462,1.404,0.683,2.327,1.491,3.13,1.255,1.914,2.484,1.031,6.437,1.727,2.014,1.625,0.682,0.412,6.975,1.832,2.258,1.11,2.154,0.857,2.599,0.447,1.56,1.3041.504,0.725,0.858,10.288,1.266,1.199,0.584,22.254,9.633,29.392,1.236,1.301,25.307,5.335,69.937,1.233,5.985,9.883,0.428,0.335,1.832,13.162,1.473,0.707,1.213,0.663,1.506,0.185,1.211,14.7673.022,1.173,2.165,1.979,1.753,2.063,0.836,1.357,1.164,1.723,1.61,2.591,1.327,0.746,2.524,1.815,2.066,1.522,0.876,0.535,2.258,1.473,6.798,1.164,2.873,0.864,2.733,0.625,1.599,0.5761.359,0.876,1.206,1.263,0.684,1.238,0.558,0.571,0.757,0.703,0.797,1.231,0.506,0.486,1.392,1.269,1.008,0.96,0.888,0.432,1.11,0.707,1.164,7.688,1.082,0.373,1.336,0.35,1.047,0.5032.833,1.191,2.024,1.929,1.707,1.938,0.779,1.202,1.371,1.643,1.805,2.62,1.066,0.868,2.26,1.588,2.385,1.541,0.798,0.506,2.154,1.213,2.873,1.082,5.067,0.807,2.671,0.627,1.584,0.4831.27,0.538,0.757,0.822,0.69,0.569,0.722,0.64,0.574,0.572,1.036,0.754,0.35,0.601,0.996,1.005,0.781,0.721,0.633,0.403,0.857,0.663,0.864,0.373,0.807,3.663,1.151,0.416,0.84,0.5122.964,1.363,2.132,2.596,1.628,2.239,1.004,1.448,1.54,1.547,1.988,2.588,1.111,1.066,2.949,1.817,2.231,2.171,1.043,0.502,2.599,1.506,2.733,1.336,2.671,1.151,7.789,1.175,1.797,1.0060.659,0.447,0.556,0.686,0.329,0.629,0.365,1.859,0.479,-0.002,0.423,0.752,4.51,0.469,0.436,0.588,0.613,5.013,1.139,0.307,0.447,0.185,0.625,0.35,0.627,0.416,1.175,7.458,0.618,1.2411.85,1.086,1.453,1.799,1.252,1.7,0.697,0.664,0.887,1.166,1.176,1.541,0.914,0.672,1.625,1.179,1.479,1.189,0.782,0.428,1.56,1.211,1.599,1.047,1.584,0.84,1.797,0.618,6.289,0.420.614,0.404,0.121,14.932,0.492,0.538,0.419,34.605,14.735,46.025,0.562,0.407,39.776,7.939,113.436,0.689,8.144,14.802,0.662,0.301,1.304,14.767,0.576,0.503,0.483,0.512,1.006,1.241,0.42,25.544